{
 "cells": [
  {
   "cell_type": "markdown",
   "metadata": {},
   "source": [
    "# Boston Housing Data Experiment \n",
    "Semi-synthetic dataset experiment\n"
   ]
  },
  {
   "cell_type": "code",
   "execution_count": 1,
   "metadata": {},
   "outputs": [],
   "source": [
    "import sys \n",
    "sys.path.append('../..')\n",
    "import cox\n",
    "from cox.store import Store\n",
    "from cox.utils import Parameters\n",
    "from cox.readers import CollectionReader\n",
    "import torch as ch\n",
    "from torch import Tensor\n",
    "from torch.utils.data import DataLoader\n",
    "import pandas as pd\n",
    "import seaborn as sns\n",
    "import matplotlib.pyplot as plt\n",
    "import numpy as np\n",
    "from sklearn.linear_model import LinearRegression\n",
    "from sklearn import preprocessing\n",
    "from delphi import oracle \n",
    "from delphi.stats.linear_regression import TruncatedLinearRegression"
   ]
  },
  {
   "cell_type": "markdown",
   "metadata": {},
   "source": [
    "# Load Boston Housing Dataset into Notebook\n",
    "You need to download the [Boston housing dataset](https://www.kaggle.com/altavish/boston-housing-dataset) dataset from the kaggle."
   ]
  },
  {
   "cell_type": "code",
   "execution_count": 2,
   "metadata": {},
   "outputs": [
    {
     "data": {
      "text/html": [
       "<div>\n",
       "<style scoped>\n",
       "    .dataframe tbody tr th:only-of-type {\n",
       "        vertical-align: middle;\n",
       "    }\n",
       "\n",
       "    .dataframe tbody tr th {\n",
       "        vertical-align: top;\n",
       "    }\n",
       "\n",
       "    .dataframe thead th {\n",
       "        text-align: right;\n",
       "    }\n",
       "</style>\n",
       "<table border=\"1\" class=\"dataframe\">\n",
       "  <thead>\n",
       "    <tr style=\"text-align: right;\">\n",
       "      <th></th>\n",
       "      <th>CRIM</th>\n",
       "      <th>ZN</th>\n",
       "      <th>INDUS</th>\n",
       "      <th>CHAS</th>\n",
       "      <th>NOX</th>\n",
       "      <th>RM</th>\n",
       "      <th>AGE</th>\n",
       "      <th>DIS</th>\n",
       "      <th>RAD</th>\n",
       "      <th>TAX</th>\n",
       "      <th>PTRATIO</th>\n",
       "      <th>B</th>\n",
       "      <th>LSTAT</th>\n",
       "      <th>MEDV</th>\n",
       "    </tr>\n",
       "  </thead>\n",
       "  <tbody>\n",
       "    <tr>\n",
       "      <th>0</th>\n",
       "      <td>0.00632</td>\n",
       "      <td>18.0</td>\n",
       "      <td>2.31</td>\n",
       "      <td>0.0</td>\n",
       "      <td>0.538</td>\n",
       "      <td>6.575</td>\n",
       "      <td>65.2</td>\n",
       "      <td>4.0900</td>\n",
       "      <td>1</td>\n",
       "      <td>296</td>\n",
       "      <td>15.3</td>\n",
       "      <td>396.90</td>\n",
       "      <td>4.98</td>\n",
       "      <td>24.0</td>\n",
       "    </tr>\n",
       "    <tr>\n",
       "      <th>1</th>\n",
       "      <td>0.02731</td>\n",
       "      <td>0.0</td>\n",
       "      <td>7.07</td>\n",
       "      <td>0.0</td>\n",
       "      <td>0.469</td>\n",
       "      <td>6.421</td>\n",
       "      <td>78.9</td>\n",
       "      <td>4.9671</td>\n",
       "      <td>2</td>\n",
       "      <td>242</td>\n",
       "      <td>17.8</td>\n",
       "      <td>396.90</td>\n",
       "      <td>9.14</td>\n",
       "      <td>21.6</td>\n",
       "    </tr>\n",
       "    <tr>\n",
       "      <th>2</th>\n",
       "      <td>0.02729</td>\n",
       "      <td>0.0</td>\n",
       "      <td>7.07</td>\n",
       "      <td>0.0</td>\n",
       "      <td>0.469</td>\n",
       "      <td>7.185</td>\n",
       "      <td>61.1</td>\n",
       "      <td>4.9671</td>\n",
       "      <td>2</td>\n",
       "      <td>242</td>\n",
       "      <td>17.8</td>\n",
       "      <td>392.83</td>\n",
       "      <td>4.03</td>\n",
       "      <td>34.7</td>\n",
       "    </tr>\n",
       "    <tr>\n",
       "      <th>3</th>\n",
       "      <td>0.03237</td>\n",
       "      <td>0.0</td>\n",
       "      <td>2.18</td>\n",
       "      <td>0.0</td>\n",
       "      <td>0.458</td>\n",
       "      <td>6.998</td>\n",
       "      <td>45.8</td>\n",
       "      <td>6.0622</td>\n",
       "      <td>3</td>\n",
       "      <td>222</td>\n",
       "      <td>18.7</td>\n",
       "      <td>394.63</td>\n",
       "      <td>2.94</td>\n",
       "      <td>33.4</td>\n",
       "    </tr>\n",
       "    <tr>\n",
       "      <th>4</th>\n",
       "      <td>0.06905</td>\n",
       "      <td>0.0</td>\n",
       "      <td>2.18</td>\n",
       "      <td>0.0</td>\n",
       "      <td>0.458</td>\n",
       "      <td>7.147</td>\n",
       "      <td>54.2</td>\n",
       "      <td>6.0622</td>\n",
       "      <td>3</td>\n",
       "      <td>222</td>\n",
       "      <td>18.7</td>\n",
       "      <td>396.90</td>\n",
       "      <td>NaN</td>\n",
       "      <td>36.2</td>\n",
       "    </tr>\n",
       "  </tbody>\n",
       "</table>\n",
       "</div>"
      ],
      "text/plain": [
       "      CRIM    ZN  INDUS  CHAS    NOX     RM   AGE     DIS  RAD  TAX  PTRATIO  \\\n",
       "0  0.00632  18.0   2.31   0.0  0.538  6.575  65.2  4.0900    1  296     15.3   \n",
       "1  0.02731   0.0   7.07   0.0  0.469  6.421  78.9  4.9671    2  242     17.8   \n",
       "2  0.02729   0.0   7.07   0.0  0.469  7.185  61.1  4.9671    2  242     17.8   \n",
       "3  0.03237   0.0   2.18   0.0  0.458  6.998  45.8  6.0622    3  222     18.7   \n",
       "4  0.06905   0.0   2.18   0.0  0.458  7.147  54.2  6.0622    3  222     18.7   \n",
       "\n",
       "        B  LSTAT  MEDV  \n",
       "0  396.90   4.98  24.0  \n",
       "1  396.90   9.14  21.6  \n",
       "2  392.83   4.03  34.7  \n",
       "3  394.63   2.94  33.4  \n",
       "4  396.90    NaN  36.2  "
      ]
     },
     "execution_count": 2,
     "metadata": {},
     "output_type": "execute_result"
    }
   ],
   "source": [
    "BOSTON_HOUSING_DATASET_PATH = '/home/pstefanou/HousingData.csv'\n",
    "bh_df = pd.read_csv(BOSTON_HOUSING_DATASET_PATH)\n",
    "bh_df.head()"
   ]
  },
  {
   "cell_type": "code",
   "execution_count": 78,
   "metadata": {},
   "outputs": [
    {
     "data": {
      "text/plain": [
       "(506, 14)"
      ]
     },
     "execution_count": 78,
     "metadata": {},
     "output_type": "execute_result"
    }
   ],
   "source": [
    "bh_df.shape"
   ]
  },
  {
   "cell_type": "markdown",
   "metadata": {},
   "source": [
    "# Data Exploration"
   ]
  },
  {
   "cell_type": "markdown",
   "metadata": {},
   "source": [
    "The Boston Housing dataset has two prototasks. The first one to predict the nitrous oxide level, and the other is to predict the estimate the mean price of the house. "
   ]
  },
  {
   "cell_type": "code",
   "execution_count": 107,
   "metadata": {},
   "outputs": [
    {
     "data": {
      "text/html": [
       "<div>\n",
       "<style scoped>\n",
       "    .dataframe tbody tr th:only-of-type {\n",
       "        vertical-align: middle;\n",
       "    }\n",
       "\n",
       "    .dataframe tbody tr th {\n",
       "        vertical-align: top;\n",
       "    }\n",
       "\n",
       "    .dataframe thead th {\n",
       "        text-align: right;\n",
       "    }\n",
       "</style>\n",
       "<table border=\"1\" class=\"dataframe\">\n",
       "  <thead>\n",
       "    <tr style=\"text-align: right;\">\n",
       "      <th></th>\n",
       "      <th>index</th>\n",
       "      <th>CRIM</th>\n",
       "      <th>ZN</th>\n",
       "      <th>INDUS</th>\n",
       "      <th>CHAS</th>\n",
       "      <th>NOX</th>\n",
       "      <th>RM</th>\n",
       "      <th>AGE</th>\n",
       "      <th>DIS</th>\n",
       "      <th>RAD</th>\n",
       "      <th>TAX</th>\n",
       "      <th>PTRATIO</th>\n",
       "      <th>B</th>\n",
       "      <th>LSTAT</th>\n",
       "      <th>MEDV</th>\n",
       "    </tr>\n",
       "  </thead>\n",
       "  <tbody>\n",
       "    <tr>\n",
       "      <th>index</th>\n",
       "      <td>1.000000</td>\n",
       "      <td>0.386190</td>\n",
       "      <td>-0.124485</td>\n",
       "      <td>0.416085</td>\n",
       "      <td>0.015651</td>\n",
       "      <td>0.423807</td>\n",
       "      <td>-0.112059</td>\n",
       "      <td>0.198928</td>\n",
       "      <td>-0.318038</td>\n",
       "      <td>0.677400</td>\n",
       "      <td>0.663656</td>\n",
       "      <td>0.245907</td>\n",
       "      <td>-0.285218</td>\n",
       "      <td>0.275586</td>\n",
       "      <td>-0.239658</td>\n",
       "    </tr>\n",
       "    <tr>\n",
       "      <th>CRIM</th>\n",
       "      <td>0.386190</td>\n",
       "      <td>1.000000</td>\n",
       "      <td>-0.188075</td>\n",
       "      <td>0.391552</td>\n",
       "      <td>-0.051970</td>\n",
       "      <td>0.416160</td>\n",
       "      <td>-0.227170</td>\n",
       "      <td>0.341311</td>\n",
       "      <td>-0.365052</td>\n",
       "      <td>0.608667</td>\n",
       "      <td>0.560841</td>\n",
       "      <td>0.265428</td>\n",
       "      <td>-0.386254</td>\n",
       "      <td>0.461906</td>\n",
       "      <td>-0.397230</td>\n",
       "    </tr>\n",
       "    <tr>\n",
       "      <th>ZN</th>\n",
       "      <td>-0.124485</td>\n",
       "      <td>-0.188075</td>\n",
       "      <td>1.000000</td>\n",
       "      <td>-0.521256</td>\n",
       "      <td>-0.033357</td>\n",
       "      <td>-0.515660</td>\n",
       "      <td>0.343210</td>\n",
       "      <td>-0.568174</td>\n",
       "      <td>0.645359</td>\n",
       "      <td>-0.298773</td>\n",
       "      <td>-0.305768</td>\n",
       "      <td>-0.422164</td>\n",
       "      <td>0.169894</td>\n",
       "      <td>-0.415041</td>\n",
       "      <td>0.406822</td>\n",
       "    </tr>\n",
       "    <tr>\n",
       "      <th>INDUS</th>\n",
       "      <td>0.416085</td>\n",
       "      <td>0.391552</td>\n",
       "      <td>-0.521256</td>\n",
       "      <td>1.000000</td>\n",
       "      <td>0.049820</td>\n",
       "      <td>0.762737</td>\n",
       "      <td>-0.403068</td>\n",
       "      <td>0.642387</td>\n",
       "      <td>-0.696569</td>\n",
       "      <td>0.591944</td>\n",
       "      <td>0.734204</td>\n",
       "      <td>0.395691</td>\n",
       "      <td>-0.344788</td>\n",
       "      <td>0.598156</td>\n",
       "      <td>-0.510829</td>\n",
       "    </tr>\n",
       "    <tr>\n",
       "      <th>CHAS</th>\n",
       "      <td>0.015651</td>\n",
       "      <td>-0.051970</td>\n",
       "      <td>-0.033357</td>\n",
       "      <td>0.049820</td>\n",
       "      <td>1.000000</td>\n",
       "      <td>0.076661</td>\n",
       "      <td>0.095308</td>\n",
       "      <td>0.072644</td>\n",
       "      <td>-0.095037</td>\n",
       "      <td>0.014102</td>\n",
       "      <td>-0.026513</td>\n",
       "      <td>-0.104995</td>\n",
       "      <td>0.068913</td>\n",
       "      <td>-0.037113</td>\n",
       "      <td>0.173701</td>\n",
       "    </tr>\n",
       "    <tr>\n",
       "      <th>NOX</th>\n",
       "      <td>0.423807</td>\n",
       "      <td>0.416160</td>\n",
       "      <td>-0.515660</td>\n",
       "      <td>0.762737</td>\n",
       "      <td>0.076661</td>\n",
       "      <td>1.000000</td>\n",
       "      <td>-0.316563</td>\n",
       "      <td>0.732540</td>\n",
       "      <td>-0.768137</td>\n",
       "      <td>0.628170</td>\n",
       "      <td>0.679824</td>\n",
       "      <td>0.210216</td>\n",
       "      <td>-0.384257</td>\n",
       "      <td>0.593655</td>\n",
       "      <td>-0.459054</td>\n",
       "    </tr>\n",
       "    <tr>\n",
       "      <th>RM</th>\n",
       "      <td>-0.112059</td>\n",
       "      <td>-0.227170</td>\n",
       "      <td>0.343210</td>\n",
       "      <td>-0.403068</td>\n",
       "      <td>0.095308</td>\n",
       "      <td>-0.316563</td>\n",
       "      <td>1.000000</td>\n",
       "      <td>-0.248670</td>\n",
       "      <td>0.218713</td>\n",
       "      <td>-0.236057</td>\n",
       "      <td>-0.320561</td>\n",
       "      <td>-0.390686</td>\n",
       "      <td>0.123320</td>\n",
       "      <td>-0.636226</td>\n",
       "      <td>0.723951</td>\n",
       "    </tr>\n",
       "    <tr>\n",
       "      <th>AGE</th>\n",
       "      <td>0.198928</td>\n",
       "      <td>0.341311</td>\n",
       "      <td>-0.568174</td>\n",
       "      <td>0.642387</td>\n",
       "      <td>0.072644</td>\n",
       "      <td>0.732540</td>\n",
       "      <td>-0.248670</td>\n",
       "      <td>1.000000</td>\n",
       "      <td>-0.753547</td>\n",
       "      <td>0.443585</td>\n",
       "      <td>0.504472</td>\n",
       "      <td>0.264968</td>\n",
       "      <td>-0.281990</td>\n",
       "      <td>0.601137</td>\n",
       "      <td>-0.407470</td>\n",
       "    </tr>\n",
       "    <tr>\n",
       "      <th>DIS</th>\n",
       "      <td>-0.318038</td>\n",
       "      <td>-0.365052</td>\n",
       "      <td>0.645359</td>\n",
       "      <td>-0.696569</td>\n",
       "      <td>-0.095037</td>\n",
       "      <td>-0.768137</td>\n",
       "      <td>0.218713</td>\n",
       "      <td>-0.753547</td>\n",
       "      <td>1.000000</td>\n",
       "      <td>-0.477075</td>\n",
       "      <td>-0.529603</td>\n",
       "      <td>-0.228840</td>\n",
       "      <td>0.285168</td>\n",
       "      <td>-0.505036</td>\n",
       "      <td>0.279547</td>\n",
       "    </tr>\n",
       "    <tr>\n",
       "      <th>RAD</th>\n",
       "      <td>0.677400</td>\n",
       "      <td>0.608667</td>\n",
       "      <td>-0.298773</td>\n",
       "      <td>0.591944</td>\n",
       "      <td>0.014102</td>\n",
       "      <td>0.628170</td>\n",
       "      <td>-0.236057</td>\n",
       "      <td>0.443585</td>\n",
       "      <td>-0.477075</td>\n",
       "      <td>1.000000</td>\n",
       "      <td>0.900000</td>\n",
       "      <td>0.441949</td>\n",
       "      <td>-0.444135</td>\n",
       "      <td>0.510868</td>\n",
       "      <td>-0.416638</td>\n",
       "    </tr>\n",
       "    <tr>\n",
       "      <th>TAX</th>\n",
       "      <td>0.663656</td>\n",
       "      <td>0.560841</td>\n",
       "      <td>-0.305768</td>\n",
       "      <td>0.734204</td>\n",
       "      <td>-0.026513</td>\n",
       "      <td>0.679824</td>\n",
       "      <td>-0.320561</td>\n",
       "      <td>0.504472</td>\n",
       "      <td>-0.529603</td>\n",
       "      <td>0.900000</td>\n",
       "      <td>1.000000</td>\n",
       "      <td>0.446961</td>\n",
       "      <td>-0.435457</td>\n",
       "      <td>0.572218</td>\n",
       "      <td>-0.508864</td>\n",
       "    </tr>\n",
       "    <tr>\n",
       "      <th>PTRATIO</th>\n",
       "      <td>0.245907</td>\n",
       "      <td>0.265428</td>\n",
       "      <td>-0.422164</td>\n",
       "      <td>0.395691</td>\n",
       "      <td>-0.104995</td>\n",
       "      <td>0.210216</td>\n",
       "      <td>-0.390686</td>\n",
       "      <td>0.264968</td>\n",
       "      <td>-0.228840</td>\n",
       "      <td>0.441949</td>\n",
       "      <td>0.446961</td>\n",
       "      <td>1.000000</td>\n",
       "      <td>-0.179816</td>\n",
       "      <td>0.395006</td>\n",
       "      <td>-0.543809</td>\n",
       "    </tr>\n",
       "    <tr>\n",
       "      <th>B</th>\n",
       "      <td>-0.285218</td>\n",
       "      <td>-0.386254</td>\n",
       "      <td>0.169894</td>\n",
       "      <td>-0.344788</td>\n",
       "      <td>0.068913</td>\n",
       "      <td>-0.384257</td>\n",
       "      <td>0.123320</td>\n",
       "      <td>-0.281990</td>\n",
       "      <td>0.285168</td>\n",
       "      <td>-0.444135</td>\n",
       "      <td>-0.435457</td>\n",
       "      <td>-0.179816</td>\n",
       "      <td>1.000000</td>\n",
       "      <td>-0.383783</td>\n",
       "      <td>0.347256</td>\n",
       "    </tr>\n",
       "    <tr>\n",
       "      <th>LSTAT</th>\n",
       "      <td>0.275586</td>\n",
       "      <td>0.461906</td>\n",
       "      <td>-0.415041</td>\n",
       "      <td>0.598156</td>\n",
       "      <td>-0.037113</td>\n",
       "      <td>0.593655</td>\n",
       "      <td>-0.636226</td>\n",
       "      <td>0.601137</td>\n",
       "      <td>-0.505036</td>\n",
       "      <td>0.510868</td>\n",
       "      <td>0.572218</td>\n",
       "      <td>0.395006</td>\n",
       "      <td>-0.383783</td>\n",
       "      <td>1.000000</td>\n",
       "      <td>-0.743450</td>\n",
       "    </tr>\n",
       "    <tr>\n",
       "      <th>MEDV</th>\n",
       "      <td>-0.239658</td>\n",
       "      <td>-0.397230</td>\n",
       "      <td>0.406822</td>\n",
       "      <td>-0.510829</td>\n",
       "      <td>0.173701</td>\n",
       "      <td>-0.459054</td>\n",
       "      <td>0.723951</td>\n",
       "      <td>-0.407470</td>\n",
       "      <td>0.279547</td>\n",
       "      <td>-0.416638</td>\n",
       "      <td>-0.508864</td>\n",
       "      <td>-0.543809</td>\n",
       "      <td>0.347256</td>\n",
       "      <td>-0.743450</td>\n",
       "      <td>1.000000</td>\n",
       "    </tr>\n",
       "  </tbody>\n",
       "</table>\n",
       "</div>"
      ],
      "text/plain": [
       "            index      CRIM        ZN     INDUS      CHAS       NOX        RM  \\\n",
       "index    1.000000  0.386190 -0.124485  0.416085  0.015651  0.423807 -0.112059   \n",
       "CRIM     0.386190  1.000000 -0.188075  0.391552 -0.051970  0.416160 -0.227170   \n",
       "ZN      -0.124485 -0.188075  1.000000 -0.521256 -0.033357 -0.515660  0.343210   \n",
       "INDUS    0.416085  0.391552 -0.521256  1.000000  0.049820  0.762737 -0.403068   \n",
       "CHAS     0.015651 -0.051970 -0.033357  0.049820  1.000000  0.076661  0.095308   \n",
       "NOX      0.423807  0.416160 -0.515660  0.762737  0.076661  1.000000 -0.316563   \n",
       "RM      -0.112059 -0.227170  0.343210 -0.403068  0.095308 -0.316563  1.000000   \n",
       "AGE      0.198928  0.341311 -0.568174  0.642387  0.072644  0.732540 -0.248670   \n",
       "DIS     -0.318038 -0.365052  0.645359 -0.696569 -0.095037 -0.768137  0.218713   \n",
       "RAD      0.677400  0.608667 -0.298773  0.591944  0.014102  0.628170 -0.236057   \n",
       "TAX      0.663656  0.560841 -0.305768  0.734204 -0.026513  0.679824 -0.320561   \n",
       "PTRATIO  0.245907  0.265428 -0.422164  0.395691 -0.104995  0.210216 -0.390686   \n",
       "B       -0.285218 -0.386254  0.169894 -0.344788  0.068913 -0.384257  0.123320   \n",
       "LSTAT    0.275586  0.461906 -0.415041  0.598156 -0.037113  0.593655 -0.636226   \n",
       "MEDV    -0.239658 -0.397230  0.406822 -0.510829  0.173701 -0.459054  0.723951   \n",
       "\n",
       "              AGE       DIS       RAD       TAX   PTRATIO         B     LSTAT  \\\n",
       "index    0.198928 -0.318038  0.677400  0.663656  0.245907 -0.285218  0.275586   \n",
       "CRIM     0.341311 -0.365052  0.608667  0.560841  0.265428 -0.386254  0.461906   \n",
       "ZN      -0.568174  0.645359 -0.298773 -0.305768 -0.422164  0.169894 -0.415041   \n",
       "INDUS    0.642387 -0.696569  0.591944  0.734204  0.395691 -0.344788  0.598156   \n",
       "CHAS     0.072644 -0.095037  0.014102 -0.026513 -0.104995  0.068913 -0.037113   \n",
       "NOX      0.732540 -0.768137  0.628170  0.679824  0.210216 -0.384257  0.593655   \n",
       "RM      -0.248670  0.218713 -0.236057 -0.320561 -0.390686  0.123320 -0.636226   \n",
       "AGE      1.000000 -0.753547  0.443585  0.504472  0.264968 -0.281990  0.601137   \n",
       "DIS     -0.753547  1.000000 -0.477075 -0.529603 -0.228840  0.285168 -0.505036   \n",
       "RAD      0.443585 -0.477075  1.000000  0.900000  0.441949 -0.444135  0.510868   \n",
       "TAX      0.504472 -0.529603  0.900000  1.000000  0.446961 -0.435457  0.572218   \n",
       "PTRATIO  0.264968 -0.228840  0.441949  0.446961  1.000000 -0.179816  0.395006   \n",
       "B       -0.281990  0.285168 -0.444135 -0.435457 -0.179816  1.000000 -0.383783   \n",
       "LSTAT    0.601137 -0.505036  0.510868  0.572218  0.395006 -0.383783  1.000000   \n",
       "MEDV    -0.407470  0.279547 -0.416638 -0.508864 -0.543809  0.347256 -0.743450   \n",
       "\n",
       "             MEDV  \n",
       "index   -0.239658  \n",
       "CRIM    -0.397230  \n",
       "ZN       0.406822  \n",
       "INDUS   -0.510829  \n",
       "CHAS     0.173701  \n",
       "NOX     -0.459054  \n",
       "RM       0.723951  \n",
       "AGE     -0.407470  \n",
       "DIS      0.279547  \n",
       "RAD     -0.416638  \n",
       "TAX     -0.508864  \n",
       "PTRATIO -0.543809  \n",
       "B        0.347256  \n",
       "LSTAT   -0.743450  \n",
       "MEDV     1.000000  "
      ]
     },
     "execution_count": 107,
     "metadata": {},
     "output_type": "execute_result"
    }
   ],
   "source": [
    "# remove rows in dataframe with a nan\n",
    "clean_bh_df = bh_df.dropna().reset_index()\n",
    "corr_matrix = clean_bh_df.corr()\n",
    "corr_matrix"
   ]
  },
  {
   "cell_type": "markdown",
   "metadata": {},
   "source": [
    "Examine Correlation of Mean Price with Other Features"
   ]
  },
  {
   "cell_type": "code",
   "execution_count": 128,
   "metadata": {},
   "outputs": [
    {
     "data": {
      "text/plain": [
       "index     -0.239658\n",
       "CRIM      -0.397230\n",
       "ZN         0.406822\n",
       "INDUS     -0.510829\n",
       "CHAS       0.173701\n",
       "NOX       -0.459054\n",
       "RM         0.723951\n",
       "AGE       -0.407470\n",
       "DIS        0.279547\n",
       "RAD       -0.416638\n",
       "TAX       -0.508864\n",
       "PTRATIO   -0.543809\n",
       "B          0.347256\n",
       "LSTAT     -0.743450\n",
       "MEDV       1.000000\n",
       "Name: MEDV, dtype: float64"
      ]
     },
     "execution_count": 128,
     "metadata": {},
     "output_type": "execute_result"
    }
   ],
   "source": [
    "corr_matrix['MEDV']"
   ]
  },
  {
   "cell_type": "code",
   "execution_count": 129,
   "metadata": {},
   "outputs": [
    {
     "ename": "KeyError",
     "evalue": "'MEDEV'",
     "output_type": "error",
     "traceback": [
      "\u001b[0;31m---------------------------------------------------------------------------\u001b[0m",
      "\u001b[0;31mKeyError\u001b[0m                                  Traceback (most recent call last)",
      "\u001b[0;32m~/.local/lib/python3.6/site-packages/pandas/core/indexes/base.py\u001b[0m in \u001b[0;36mget_loc\u001b[0;34m(self, key, method, tolerance)\u001b[0m\n\u001b[1;32m   2897\u001b[0m             \u001b[0;32mtry\u001b[0m\u001b[0;34m:\u001b[0m\u001b[0;34m\u001b[0m\u001b[0;34m\u001b[0m\u001b[0m\n\u001b[0;32m-> 2898\u001b[0;31m                 \u001b[0;32mreturn\u001b[0m \u001b[0mself\u001b[0m\u001b[0;34m.\u001b[0m\u001b[0m_engine\u001b[0m\u001b[0;34m.\u001b[0m\u001b[0mget_loc\u001b[0m\u001b[0;34m(\u001b[0m\u001b[0mcasted_key\u001b[0m\u001b[0;34m)\u001b[0m\u001b[0;34m\u001b[0m\u001b[0;34m\u001b[0m\u001b[0m\n\u001b[0m\u001b[1;32m   2899\u001b[0m             \u001b[0;32mexcept\u001b[0m \u001b[0mKeyError\u001b[0m \u001b[0;32mas\u001b[0m \u001b[0merr\u001b[0m\u001b[0;34m:\u001b[0m\u001b[0;34m\u001b[0m\u001b[0;34m\u001b[0m\u001b[0m\n",
      "\u001b[0;32mpandas/_libs/index.pyx\u001b[0m in \u001b[0;36mpandas._libs.index.IndexEngine.get_loc\u001b[0;34m()\u001b[0m\n",
      "\u001b[0;32mpandas/_libs/index.pyx\u001b[0m in \u001b[0;36mpandas._libs.index.IndexEngine.get_loc\u001b[0;34m()\u001b[0m\n",
      "\u001b[0;32mpandas/_libs/hashtable_class_helper.pxi\u001b[0m in \u001b[0;36mpandas._libs.hashtable.PyObjectHashTable.get_item\u001b[0;34m()\u001b[0m\n",
      "\u001b[0;32mpandas/_libs/hashtable_class_helper.pxi\u001b[0m in \u001b[0;36mpandas._libs.hashtable.PyObjectHashTable.get_item\u001b[0;34m()\u001b[0m\n",
      "\u001b[0;31mKeyError\u001b[0m: 'MEDEV'",
      "\nThe above exception was the direct cause of the following exception:\n",
      "\u001b[0;31mKeyError\u001b[0m                                  Traceback (most recent call last)",
      "\u001b[0;32m<ipython-input-129-e0274f1f2ecb>\u001b[0m in \u001b[0;36m<module>\u001b[0;34m\u001b[0m\n\u001b[0;32m----> 1\u001b[0;31m \u001b[0mplt\u001b[0m\u001b[0;34m.\u001b[0m\u001b[0mscatter\u001b[0m\u001b[0;34m(\u001b[0m\u001b[0mclean_bh_df\u001b[0m\u001b[0;34m[\u001b[0m\u001b[0;34m'LSTAT'\u001b[0m\u001b[0;34m]\u001b[0m\u001b[0;34m,\u001b[0m \u001b[0mclean_bh_df\u001b[0m\u001b[0;34m[\u001b[0m\u001b[0;34m'MEDEV'\u001b[0m\u001b[0;34m]\u001b[0m\u001b[0;34m)\u001b[0m\u001b[0;34m\u001b[0m\u001b[0;34m\u001b[0m\u001b[0m\n\u001b[0m",
      "\u001b[0;32m~/.local/lib/python3.6/site-packages/pandas/core/frame.py\u001b[0m in \u001b[0;36m__getitem__\u001b[0;34m(self, key)\u001b[0m\n\u001b[1;32m   2904\u001b[0m             \u001b[0;32mif\u001b[0m \u001b[0mself\u001b[0m\u001b[0;34m.\u001b[0m\u001b[0mcolumns\u001b[0m\u001b[0;34m.\u001b[0m\u001b[0mnlevels\u001b[0m \u001b[0;34m>\u001b[0m \u001b[0;36m1\u001b[0m\u001b[0;34m:\u001b[0m\u001b[0;34m\u001b[0m\u001b[0;34m\u001b[0m\u001b[0m\n\u001b[1;32m   2905\u001b[0m                 \u001b[0;32mreturn\u001b[0m \u001b[0mself\u001b[0m\u001b[0;34m.\u001b[0m\u001b[0m_getitem_multilevel\u001b[0m\u001b[0;34m(\u001b[0m\u001b[0mkey\u001b[0m\u001b[0;34m)\u001b[0m\u001b[0;34m\u001b[0m\u001b[0;34m\u001b[0m\u001b[0m\n\u001b[0;32m-> 2906\u001b[0;31m             \u001b[0mindexer\u001b[0m \u001b[0;34m=\u001b[0m \u001b[0mself\u001b[0m\u001b[0;34m.\u001b[0m\u001b[0mcolumns\u001b[0m\u001b[0;34m.\u001b[0m\u001b[0mget_loc\u001b[0m\u001b[0;34m(\u001b[0m\u001b[0mkey\u001b[0m\u001b[0;34m)\u001b[0m\u001b[0;34m\u001b[0m\u001b[0;34m\u001b[0m\u001b[0m\n\u001b[0m\u001b[1;32m   2907\u001b[0m             \u001b[0;32mif\u001b[0m \u001b[0mis_integer\u001b[0m\u001b[0;34m(\u001b[0m\u001b[0mindexer\u001b[0m\u001b[0;34m)\u001b[0m\u001b[0;34m:\u001b[0m\u001b[0;34m\u001b[0m\u001b[0;34m\u001b[0m\u001b[0m\n\u001b[1;32m   2908\u001b[0m                 \u001b[0mindexer\u001b[0m \u001b[0;34m=\u001b[0m \u001b[0;34m[\u001b[0m\u001b[0mindexer\u001b[0m\u001b[0;34m]\u001b[0m\u001b[0;34m\u001b[0m\u001b[0;34m\u001b[0m\u001b[0m\n",
      "\u001b[0;32m~/.local/lib/python3.6/site-packages/pandas/core/indexes/base.py\u001b[0m in \u001b[0;36mget_loc\u001b[0;34m(self, key, method, tolerance)\u001b[0m\n\u001b[1;32m   2898\u001b[0m                 \u001b[0;32mreturn\u001b[0m \u001b[0mself\u001b[0m\u001b[0;34m.\u001b[0m\u001b[0m_engine\u001b[0m\u001b[0;34m.\u001b[0m\u001b[0mget_loc\u001b[0m\u001b[0;34m(\u001b[0m\u001b[0mcasted_key\u001b[0m\u001b[0;34m)\u001b[0m\u001b[0;34m\u001b[0m\u001b[0;34m\u001b[0m\u001b[0m\n\u001b[1;32m   2899\u001b[0m             \u001b[0;32mexcept\u001b[0m \u001b[0mKeyError\u001b[0m \u001b[0;32mas\u001b[0m \u001b[0merr\u001b[0m\u001b[0;34m:\u001b[0m\u001b[0;34m\u001b[0m\u001b[0;34m\u001b[0m\u001b[0m\n\u001b[0;32m-> 2900\u001b[0;31m                 \u001b[0;32mraise\u001b[0m \u001b[0mKeyError\u001b[0m\u001b[0;34m(\u001b[0m\u001b[0mkey\u001b[0m\u001b[0;34m)\u001b[0m \u001b[0;32mfrom\u001b[0m \u001b[0merr\u001b[0m\u001b[0;34m\u001b[0m\u001b[0;34m\u001b[0m\u001b[0m\n\u001b[0m\u001b[1;32m   2901\u001b[0m \u001b[0;34m\u001b[0m\u001b[0m\n\u001b[1;32m   2902\u001b[0m         \u001b[0;32mif\u001b[0m \u001b[0mtolerance\u001b[0m \u001b[0;32mis\u001b[0m \u001b[0;32mnot\u001b[0m \u001b[0;32mNone\u001b[0m\u001b[0;34m:\u001b[0m\u001b[0;34m\u001b[0m\u001b[0;34m\u001b[0m\u001b[0m\n",
      "\u001b[0;31mKeyError\u001b[0m: 'MEDEV'"
     ]
    }
   ],
   "source": [
    "plt.scatter(clean_bh_df['LSTAT'], clean_bh_df['MEDEV'])"
   ]
  },
  {
   "cell_type": "markdown",
   "metadata": {},
   "source": [
    "Looking"
   ]
  },
  {
   "cell_type": "markdown",
   "metadata": {},
   "source": [
    "# Create Correlation Matrix\n",
    "Create a correlation matrix to see which indices' performances are closely correlated with one another."
   ]
  },
  {
   "cell_type": "code",
   "execution_count": 37,
   "metadata": {},
   "outputs": [
    {
     "data": {
      "text/plain": [
       "(              ISE     ISE.1        SP       DAX      FTSE    NIKKEI   BOVESPA  \\\n",
       " ISE      1.000000  0.942897  0.439489  0.602081  0.622948  0.260052  0.432898   \n",
       " ISE.1    0.942897  1.000000  0.449561  0.629218  0.648740  0.393225  0.446889   \n",
       " SP       0.439489  0.449561  1.000000  0.685843  0.657673  0.131250  0.722069   \n",
       " DAX      0.602081  0.629218  0.685843  1.000000  0.867369  0.258538  0.585791   \n",
       " FTSE     0.622948  0.648740  0.657673  0.867369  1.000000  0.255236  0.596287   \n",
       " NIKKEI   0.260052  0.393225  0.131250  0.258538  0.255236  1.000000  0.172752   \n",
       " BOVESPA  0.432898  0.446889  0.722069  0.585791  0.596287  0.172752  1.000000   \n",
       " EU       0.655519  0.690761  0.687550  0.936393  0.948963  0.283750  0.621704   \n",
       " EM       0.600295  0.701954  0.528243  0.665162  0.687543  0.547288  0.688074   \n",
       " \n",
       "                EU        EM  \n",
       " ISE      0.655519  0.600295  \n",
       " ISE.1    0.690761  0.701954  \n",
       " SP       0.687550  0.528243  \n",
       " DAX      0.936393  0.665162  \n",
       " FTSE     0.948963  0.687543  \n",
       " NIKKEI   0.283750  0.547288  \n",
       " BOVESPA  0.621704  0.688074  \n",
       " EU       1.000000  0.716502  \n",
       " EM       0.716502  1.000000  ,\n",
       " <AxesSubplot:>)"
      ]
     },
     "execution_count": 37,
     "metadata": {},
     "output_type": "execute_result"
    },
    {
     "data": {
